-41.6549525184836,15.3573627619535,1.77517179613506
-16.7528055634441,8.70781303419514,-11.0185177545786
-1.76627852242223,-15.5008965569152,-19.4426350524216
-4.06553722749357,17.9512747458482,-14.7927720659814
9.84151466786563,-1.19509254727776,-17.0280228301551
24.6249198226955,0.198349369968284,-6.70588358795672
0.253589398037643,-42.4465828309559,-20.8905844226545
15.8684072399682,-11.8840385163803,-11.5570846299146
26.2247823834067,-10.7754240429378,27.477880705652
2.51919978623237,-14.0571893300796,-26.211392204218
-16.5461113251467,-15.720570309288,22.4123520616657
7.57697749760678,43.0240576670846,0.758295682606687
-31.803488368982,-5.06936918413759,-2.90863868878162
18.742277172854,25.8683126200349,42.0212417926481
-29.7700344090997,-2.82178251140199,4.08622433075002
-20.2148520388051,-14.0350951895658,6.54508682012317
-16.3421786982634,-7.17387523418141,-3.00339257454572
16.4080793841201,-42.3054895934913,-8.82039869039986
13.997517154646,17.2449234136128,13.6460485746435
3.03429476068338,1.7451440557723,-23.6008704737367
-19.4183401754378,18.3516672740826,1.85249461598818
39.3264278885003,46.1756823775469,-22.7968416456476
-6.65654229601704,14.3196271268332,43.148579647905
-24.6364615947581,-14.2886337358352,-14.720607166251
3.31876275972136,-13.8379873670285,-2.23000354887544
17.4021220472613,3.81241569074079,-8.74360735537978
13.2483680374756,3.15750561216722,21.6440868106668
13.7541963269235,-18.7017372643137,3.88032393931935
-13.7927074343123,-20.9863521945078,-14.4337627759577
-1.22034260083738,7.21916931627253,-0.981200551656605
-30.5148407003123,11.9552277876457,41.0570034648531
-45.1780353824176,4.63479348537312,19.005263459113
36.0939275318622,26.9969648203903,2.20539943508261
3.615236092903,-37.9159531843967,-46.3359628913708
19.9286924707786,40.9663233311845,31.9471688381373
-1.08291589761911,-3.54274180935659,17.1728877311608
15.6026053942715,31.4083452698625,-7.09976274990896
-5.12624861847164,4.28283085974232,2.11299927403338
-22.9698067313388,-20.9024576024408,18.5758591525506
-0.972797921472805,-35.2610503615464,-3.42243300252647
7.17658966852946,25.9735526030678,-20.6017214771923
-30.3941900154578,6.2287348119646,-2.09360841040874
19.0739497402281,3.18811372770029,13.1975866590659
3.54173811487383,22.8506757099101,-1.14602662832482
20.7156536778751,-8.58691751184233,-38.4620461900567
14.2443469407876,-19.3494915345888,21.1710455823805
32.9261702311397,29.7875609362453,37.5354413498485
2.4339013601217,-29.3399470720909,-10.0064630138276
2.37920002318213,-12.7479873285258,-19.0145682736828
32.9293567366338,-14.7774068553272,-18.3846975880617
22.2828829017864,-2.17604840716233,1.5522107581518
23.0669984684982,-16.0662489901828,12.7853435459788
12.5485093408577,-35.2842565453712,3.34489539212433
17.0185725015796,-10.8324969931311,22.8783820874472
-6.13050352864388,5.11038727652113,22.140218833612
25.4169237932236,-0.997933886187533,-20.961340632285
26.2211268529832,-29.9238987482453,-21.9551982030575
21.035358498213,-10.0841142266151,21.914549078308
24.0950538879328,4.29918727421412,4.48260148445833
17.9930316446969,-16.241824636583,7.39794089275177
-19.0794833552942,-31.9934579486453,4.73200073933705
36.3413479808245,30.8228386630662,1.03954576179715
2.29056153215147,-3.50137909102278,28.5038922136837
-39.1129087770037,-14.8948959364948,32.5669426306006
12.7280405744799,-31.0613428956088,25.9551328754285
-19.7871359404034,-23.47741942487,11.3766961182875
10.8553717074887,-14.9931705824026,17.407291755008
16.4808146425714,1.92254223331966,-5.75841631014926
-4.39943750844527,-19.307856696208,27.8804884457909
-8.3308490998385,7.73932004883084,-18.5483268370039
-80.938918090919,10.9275329630005,27.8622046280161
2.38344112735259,-13.2045602622333,-29.8898777688836
-14.4055731949431,18.9530508095137,-19.1290840078164
-4.18393692908762,1.37029320133312,30.539780592255
-34.6370813426186,-20.3515751554857,-21.8781682568755
-12.4061375517987,11.0397944505222,12.7660266780178
24.9706816872921,-0.119634455787678,31.3047477555616
14.2650304071949,0.625831807501992,25.4051933911639
-35.3907969524303,8.57714038660329,-40.6661054215438
42.5185277485058,-23.8806747538197,24.3645868538706
2.52050271448867,-21.7652224990332,-13.8950569843808
12.3682820697669,15.9712707103318,6.87424625275261
-23.3185240660363,17.9369167766329,1.01434764044233
-7.37883046216011,13.9215624334893,-16.9920107551497
12.3186635025758,6.32519495177294,-13.978083746066
4.41941417893869,-3.75881553745784,-5.11743906316826
-11.14865539042,21.842663512276,7.86351502051034
-9.29943207629074,26.9826829560198,-15.1957187484115
8.33640895052038,4.84422642074614,1.13988275911839
39.4636970293372,47.7008821785366,-14.8980947281004
1.50998494636276,20.2266800755654,16.4675076280795
-37.6996849157739,-0.227655499027652,6.94849719937724
-7.30937085653521,7.16763560640795,21.7829179772417
5.65565836186655,-4.10612249174102,-15.0480229446822
-23.6951276016521,-4.17192379238154,-7.18312540665272
10.4253081318458,3.53845995447367,39.6926089350275
-27.234844246217,16.3463167211929,17.6509572157723
15.6670665897139,-10.4439646380725,16.8279036909883
19.662773607508,2.44253730345422,-16.4574142052596
-31.1987790650077,-1.61060886469834,-20.4088064572163
-4.42584843929364,-2.03857941867947,-17.501879172377
13.1239684535089,-6.16348688423124,48.6133706032171
12.2223098675252,-0.954511498016319,11.0883558244269
-26.767821786378,-19.2228179915354,7.16329040767185
-16.6577028012301,2.117170971167,-9.81210858255914
26.8496095307571,-7.37138264465757,22.7685924105068
-7.18561000734753,-31.4460645124395,-7.02781703039708
-3.50926554748076,8.54881266998637,-35.6147641306421
-24.8435891594016,9.15835417668952,-7.7397316061664
18.9371070777391,-21.3431288577248,-1.33961908514296
-4.35574657039941,11.5957435813043,6.02562670807268
10.4629684690376,10.3581494664095,13.359511966029
1.49786569325261,-31.3734120545073,-40.5168349223465
-20.0253141486324,15.0986863774067,0.0780874598141844
-4.02210828300469,-6.89853594714312,-2.55273517233729
8.17567130164223,-4.52019235379739,8.51145619340882
-9.94952841509172,8.43268804951323,-10.5251028739762
-4.99271168557276,35.7063621891371,-1.55989970107154
1.57822843163432,-27.3786194156155,-16.5317455518297
19.6706446982444,1.35825417198706,33.3909475758816
-3.87526703944979,3.97418187949022,-19.8293455976584
-10.1797699175444,-22.8722216551107,-49.6733415576433
25.6438404295091,-24.2148117003238,-33.5374116960684
-8.81358075956632,9.91343994232188,-16.5382334632484
-22.0377179895182,30.553073447214,18.3243165689292
11.9533361227222,4.22463275797107,16.9600120722048
19.2366250118214,3.04208103616306,-9.66444212258102
-8.98045466653419,-23.6628016577902,11.0053631950603
8.54663396113068,-9.02391733779153,7.02479330899838
0.830370024784014,-14.6718566195345,17.3856708573976
-45.9377663514472,-38.604588732838,22.4538036281125
26.1657721852728,-7.20813749515325,-4.24095449372661
6.12225860529948,16.4415482006834,-21.3648076832384
-14.2971688848411,10.1481973080562,26.4996131310421
-0.491705208145028,12.317145542685,35.9318021613948
8.9656412517416,-6.63957316755997,17.9985554672912
8.68237836128429,-3.15137098503826,-27.5887579139101
-12.7565566289256,-2.16682094132065,-22.9102564097054
8.36679062667275,3.54536582390593,-19.3532517268205
-27.7255206945075,-6.29582167744154,-11.5613316998091
-17.6859339752764,-37.511589635814,-40.4290474582253
16.3127418633087,21.6253199785057,47.2465060039679
-5.94863982497507,40.7958045150017,-8.8898093160665
-10.8369144010952,-28.7368257208659,-42.975582400586
14.6700041007049,-16.4202437335957,-19.9425759621134
-0.772638189183932,-11.6627311128386,-9.1622570529449
-35.8326284652521,-18.0818705544401,7.42915261421077
9.57799421310846,20.3493189080131,0.137211842599487
-17.6782872614136,-59.2337756862268,15.7259833269274
-6.44761362309784,-14.0558354927669,-24.6713539621357
-13.0795726949567,3.52394415792507,8.17951281992799
22.7389168396074,30.1893326597757,14.0358410561468
-12.2174745064639,-38.381433355321,43.2914648505267
-17.935132520533,-11.1566072615673,17.9094315780223
-8.89808281123009,-20.397328299726,-15.2756403084485
20.3954578648673,-1.44140406344246,49.9349718276193
-0.262531131774269,16.1064554363686,7.57621308578621
-14.4421536135432,-5.93614692705996,14.982805533024
-7.57019625408468,-5.0250340228777,6.98933048090401
-22.7469246358768,-19.4905021031675,-5.60241948852243
-17.1027097738698,4.94007217612741,-5.17853715577394
-13.1899721027766,6.11615354757511,1.21080067806759
14.0298547916741,-8.26835803931213,-20.0685119639348
-1.67480739155236,-26.9222589888177,-1.40779648783685
5.01345080548721,12.613893103894,2.27391327163183
13.6322980949314,19.6430883096168,3.06160529097341
21.5900961677624,2.1074110574188,13.4734974036304
3.54004340393887,-20.2818368683742,-10.5838364233133
-2.88589628984689,6.05706759253524,14.7875256922354
18.954216042972,9.16710784694303,14.7756780888604
-10.4035252172572,44.4392541614483,-0.820247207668616
1.18595899798029,-3.15331079323756,-18.3307053719997
25.1448360206233,-8.4463839942643,-2.18447740909937
-9.03021873959407,28.4755280074624,10.9688237933156
-17.0730077445238,-5.37120137419107,9.78426020628469
13.0749303980445,4.19037758051534,-16.4456157539888
-37.2998557515402,-7.69221343798877,8.0020949000794
9.11351273310156,10.7503227505281,-5.61415205605665
11.5745317508224,9.58626834480407,-13.1323154235355
19.5876648227639,-11.2597725392925,1.06769310095347
-30.2924698895115,-18.5535373253915,30.8149242108888
12.6849334293594,3.23414372584295,6.82468539269455
14.2010685169482,36.502079850065,-0.771756320510894
6.34551241518733,-0.180212898944782,-55.6206503135684
-13.8630666918105,-16.7178675555589,6.54353119426105
42.5074505872921,59.0042013438953,-19.0799302241302
5.56394502249311,-25.5823457919681,-3.37088170763228
2.69520137109957,34.4896127674776,3.11645682323224
-10.3039482017358,27.6598215186621,-4.44267790472542
5.94072755443821,14.4474169826263,-10.8020148023251
-43.7384846902304,-25.460125459264,10.4020908700286
15.3133411039774,20.3032516868509,0.93063265152162
-6.22186585899688,-1.84951319996946,-11.2216512273884
24.963444590749,10.9989855253328,11.1401583705852
38.1745759983515,-17.9374621982036,1.25379103318093
-13.3383211650947,-6.97371773136345,17.7533108801245
57.1296303929891,15.3726255256304,-25.2958730618273
-9.09412823444256,22.8134954540751,26.6291620974179
29.1078455681713,-18.9322667374869,-17.3498190561167
-6.17074259767364,-8.925807671576,15.5701790772046
43.3760579845654,-4.9524617774739,2.20175851304255
33.1025284286595,-6.02114338758333,4.75310769812216
18.0114478328236,14.3561124747021,12.4521176023127
-13.4877822102691,-14.2992409663553,-5.46956602835586
12.7094037294903,-0.701356370468966,-9.33749372358708
-1.92275245900975,14.7040720136792,21.3322828004395
-6.15992901686386,-2.72326932809912,15.4539579042619
10.862677773936,-6.23383177976466,-1.18293794074784
-10.4755243436636,45.2166422624407,8.35464675082538
1.68260075233872,-19.222527563923,4.06806759605781
-30.7948674284283,-1.57996518357903,-2.44955192622633
-48.3367538903036,-20.9326689366386,14.3638256291812
26.7710713519389,-31.2828014249172,4.03186553755739
42.3490824410776,-8.48760637063832,-27.7644947221338
7.45908495868553,-9.493345613198,-1.89657392858399
-2.73674132856383,3.04559161352597,-6.17103469607583
-10.3476092028272,1.39174561922848,-22.0988917806945
-11.4855062710816,20.5569809448933,19.0995203716702
17.5569012078386,-14.1154630219517,3.56793370938908
12.323955335793,13.6395246242886,-0.611072009564291
-27.660144867375,42.172736112632,-33.3336603986463
9.26145435934285,-20.8180607291023,-2.28041031708175
47.3518987069639,14.5313579148384,9.5539378863412
13.087546238448,-3.73603581393825,-34.9738341831314
-13.1270217683555,-23.2275660640575,-18.1031671859676
-50.4044214448345,-8.06787155881681,-1.21901174755732
-9.3568652018039,-22.4809855966621,13.8771385884197
2.28048256625188,-15.4441764923333,-1.98391696871431
29.5637418890474,35.1706389543118,26.2620576817852
-9.73341653930735,-6.70051391976343,-23.5624141877133
17.1051675135638,-5.54476592580743,9.07632974038652
8.79877653681937,3.98463915162844,-15.945850767399
-6.12112342407265,-22.138816558996,29.2655965342977
-42.1541703271405,-7.78060836446538,-8.24245905059279
-23.3038319954125,0.0577104385987557,39.4559741100514
-17.1659876223835,9.00203212423795,-14.0023354716383
-11.9271337959775,-18.5439825240655,-11.8741999560268
21.1637975689788,27.9316326482012,-1.02393286582856
-41.0666532264964,30.1221070101091,-18.1809464456256
18.2363894718711,-23.5683943190752,-2.72626421950742
-3.96625772264719,13.5626310240363,-16.2177520138152
12.6910093499812,-1.74018196536262,17.3289481718503
-4.0747137195508,-9.01005404027211,-4.22025559643023
20.782797487338,45.0307234655278,-0.12454224826997
-4.59369467353607,0.964692285925453,-19.0497518834299
0.562474738758628,2.28234580399396,-8.30191053117478
-19.5912639991448,20.2591199979429,33.4288704221578
21.4150116480051,11.48735916037,29.3597703457454
27.1041584098618,-23.1789807993738,12.2144514724423
13.3816704239625,-2.02887373610756,-12.9245163170389
-22.7345751809482,17.8701326388058,-5.51639296617948
-14.7662512827081,-5.72292659822932,-29.9201946745081
4.98256695948591,4.04627078771313,39.2165583671113
-21.9960886439841,-38.5753217011706,-12.9849746155433
-3.78922046401318,-3.02243188347828,-3.26175966495204
26.7052793387643,-9.84377935669584,-6.81094444075949
-9.78402715827026,-11.6147435054734,18.7679924105755
-0.635923756745138,21.4246710800961,12.5966662271247
-11.3450222497318,-16.0269654782002,11.2099412895214
25.9714576976638,26.2530244763414,-35.0910130893135
11.8899768542908,-13.5952427363303,62.7407690349106
-1.84082848414444,21.1605432454667,-2.86722936809305
1.1931915019239,-14.2541620545672,26.2599543815271
10.4702289372836,-17.9685817982236,-21.6938637818469
2.40814853248297,-7.79495028269691,32.5316584585566
-21.9166290739675,-22.2581407920323,-7.81716093712358
-1.89066188725538,-10.4960486576353,-11.748540332494
-22.4375449146698,-28.700125353682,13.4459388434074
-0.696433626816681,-26.1716181935096,-43.1077310110996
15.2191275710091,-8.40079019902758,-26.1111932040919
14.0042425164498,8.19005621251694,5.82809744946671
19.9242639529078,-27.547532754673,-6.76106025096084
21.9754766824555,24.5931206859004,6.67145790660478
7.99801705110622,17.4361998300592,2.49516861332816
12.582972802158,17.3836622799596,27.122001852557
-9.23508365380059,-38.9225361056991,4.09581981329482
-23.8797773882484,31.6181384509541,-12.2808622047438
23.2295411705096,-17.3798235042967,11.134079180543
20.9902499494389,-19.0959487503351,31.3954293450821
5.26310162123163,-40.9993527211717,-11.0138021076284
-24.6449255429493,-7.46692921700172,-10.786749055421
-7.51178896473019,1.1621309243421,-27.2558157069872
0.300734746037036,0.347784452241463,-9.68405064466742
22.1364995564923,7.33908123609503,11.3242082759953
12.5767551110526,4.00563839821655,16.7118878112771
6.20799563346394,3.95876873351859,-5.96972786343375
3.8030750807854,30.7973785902856,-3.55465200975621
16.653967292108,4.98106154026168,21.4421771150897
29.2104072892299,-20.3103644081429,31.3835201664426
40.3197958616775,9.91756993904349,0.148516634671966
5.30523802263332,-21.7312817128133,49.3394796929442
13.3591492793885,12.2079478734659,-0.986317123687379
-24.0043620478682,-16.1322723008873,33.6363331905504
26.4098540520722,11.7141414850309,1.53780984723222
-40.7382558328723,32.9425194473713,-29.5532786058039
-22.1888578631463,-6.11019227265855,-45.9653270802354
15.9956791435468,-6.03265369421827,-12.3786020207824
-24.6487407018999,19.0767846749338,21.9364036480509
-2.1225785154848,-9.29340583390829,13.5920651466665
27.1422138581447,-17.6935342674944,2.41290177357113
30.1309156234853,-18.5507201478644,-22.9697978986471
-4.80620306999302,30.3148586331834,-38.7996733074983
-14.1605832567125,-11.7592329167803,-46.1934612924889
26.0552504816126,13.0500605221946,-0.173445573614118
5.97399098101362,20.1800931921784,14.7405097730937
-0.524463665938915,32.7167441922664,-42.5968637138938
-15.1081832361081,-15.3462822019564,16.3446886001819
7.7323368330648,-10.3084766723151,-2.60092183516105
11.4943149491531,7.21150701254073,20.3909791164421
-11.2363542078055,-16.0409838671991,10.1306096271578
5.47321396155893,19.715697067603,-5.94342291447478
20.8913958763318,12.3882954159556,-1.34976331996276
1.60693404957721,-34.6078000459285,-15.263101404372
-11.9998965776546,-14.9179675780381,-9.8919713515325
3.43394134136678,-1.38490419146735,-0.450463074592418
-23.9753568811607,-56.483231025184,23.143956739749
-36.6132461646459,-32.4379799454556,-16.3215753088679
-6.73505385151768,-27.2400166900522,-16.6175701241249
-15.8644774870232,-21.0519815530505,-19.4346303039897
4.34993121458688,35.2265791881015,-13.7888174550372
28.2064931294169,9.86169582564888,-6.38635619716837
31.2354730692812,7.69607670656159,-5.28755706444188
-5.91994568570219,-10.7249921703464,5.67293085398138
-2.35536743435007,-20.7936362929573,6.6695088228489
29.9269584311086,-0.277616305177635,39.678409690588
-11.5201602185376,11.8110700954454,11.1547040450744
-27.7170711477924,2.96563373281359,18.2916027752351
-5.57343385243893,11.9436560251211,-6.02460624083813
40.4610061750106,-29.3215826973582,-22.5150940865782
23.965292790802,21.1288531391598,24.4768412720445
-3.28696693490408,-9.58431011873079,-23.6888893666535
15.6200972901872,-22.7202635594344,40.0023161182102
13.4165254645632,-15.5455379393623,17.2361120504397
27.7706923910992,33.7831209877842,12.6936825575979
-41.1347793285843,-23.5030116782147,7.97684272238914
-4.26346134055317,-13.5771920192994,-16.5251651590875
7.50889468293952,-12.0115496758707,6.1423368174882
1.40357633356832,-5.39056520862902,-5.49090932649179
33.8139631400585,-17.3453381871606,-18.6997173514047
-0.491034417475979,4.83077485146717,-3.96575079618105
-8.97705796797434,8.82447490866875,51.8085504425628
22.6199189111543,3.15824415554648,5.38330374211981
-37.5168026505822,30.9235399103299,6.68969052206214
-0.768223390696639,4.08204713612098,-1.89678324328812
4.55421352319331,0.988666519629339,13.4042805011161
-9.32062472149009,-26.8126779777528,-4.3563748593831
-9.29742674614073,14.0385092048041,5.85259448526459
33.535317993041,35.0718590163882,-23.5061262194965
33.6035382809835,-4.76037468101064,13.3195215714641
-32.1040415852982,-22.3942028304434,-13.9414482977818
-1.59316903659622,14.3583512736387,-6.18406115562086
-6.25573182251358,-29.7374387206625,-15.4921805180443
-12.9579704592808,-31.759489996997,20.2821341343402
-12.8768486674551,35.5351116100838,34.5224471080637
41.0586538282099,-32.5876583442005,10.9311382616279
0.761560047818075,-4.44571963779811,43.1956460849691
7.97217978456278,-30.2155034294752,-1.80052283730816
35.1817982592007,-24.5316772078988,-2.38132095065055
24.6405880302172,-30.4835024127639,21.2008745929407
-7.38084755540819,11.3078121647009,1.49565932139991
5.63868451366103,20.2356766946135,-21.8546139102237
37.6345400513848,3.01619528191927,5.10923094061483
9.20042579880886,37.4777507097339,-8.74271512201761
18.483581360377,2.58241141843112,7.32210260898455
3.83397115558647,20.1863253186965,-22.8799081858552
13.7214244284206,-14.8836548094341,-14.3520873918786
-22.0097418598931,26.7601738126364,4.67653147280163
-34.7876401600172,-37.050878203444,58.8896226403238
-2.31005326061754,-10.0137238141232,-4.11019766202158
37.3833703711361,-10.4135700285723,3.95316718130163
-5.87965746296094,10.6670286579271,-3.7465434570312
6.83341482286821,1.10194211222225,1.86201655358808
10.3910262331321,4.20592307474579,-8.33541787506123
11.7480135204758,9.22096415075351,16.6644915285051
8.17494714429753,0.634598042830453,-28.6150000645393
2.96026632847741,12.4078592926177,-3.99813202039498
4.7888009920154,-42.8794371591344,5.02674139838937
1.53191182507451,-19.26280543799,-39.632118675153
15.3722706719909,28.5468566336172,-0.202851327531856
31.0306952107515,-6.42633562964962,1.4270107211839
20.4858233996377,-4.48578109479881,-0.777295944260367
-28.9356027210264,16.7950302481401,25.3281060817674
-10.8399342688715,-7.60342422650979,24.1672441397022
-17.6108230230939,-16.9523396703503,-10.8650683677789
27.5987254637013,18.5636364385612,16.9115516292879
-41.8475257220219,-8.37019189087437,14.6096117694771
3.92756785794356,-8.37479114766558,27.5555344585927
31.7709968687833,-6.2339376570107,-16.1180255731777
5.58354872289599,-18.8110931359683,-15.3070526472896
21.1552952065463,-36.9699489789979,-10.5705539937992
-28.0604620419311,38.6344358598744,-4.0077166782143
-9.89308369687481,37.9239755378542,8.35674311250689
-24.828466010933,17.049244611404,-13.9287993851255
15.5025474443317,-15.2465441227138,12.5755088285254
-9.04957236661297,4.2277498973207,-14.6387414589945
0.926127855260082,34.0702204108212,-5.40241465906014
-0.877357517731821,-13.9095414377989,11.2167915027046
-10.190033893549,-20.1966685774298,-33.6942175853992
-1.97718541110062,28.50682624992,2.59579057382647
4.25369092622515,52.5879623161039,8.0374387326448
-16.3662765407966,-19.8935284798867,-19.0461039914301
18.8791582759878,-12.9448194116908,24.7504196236846
-3.99221932486179,-46.061516686136,-1.95628157990827
-1.76273718170482,6.45218623374375,-5.90752645898149
-26.0548052583984,31.6371291693259,-0.0199387547501674
-16.0722705144672,-13.7528051209236,3.95633204476428
-22.4703788055562,-0.935629598204078,10.6922715529709
22.1032822709156,18.5485652844282,4.64879578331549
11.9667771190859,-18.3621566391785,-5.97071557204062
4.18705648585485,-18.9304118915642,5.96830803892437
-54.9262698841359,13.3061776407494,-8.44943765498137
-8.39658305522777,0.49830029565581,-29.4025252240563
23.6190018655142,1.8563801380407,2.84318239434183
-24.591692219915,-2.42605224290914,-50.6836053736968
-23.8349957443882,6.59857203469985,2.8452252946803
5.65733958862172,-12.6362110413946,-0.870358353244262
3.55504534557188,-11.6579878421206,12.3418944982686
47.323594493649,-1.75884385934276,-32.5111869608676
-17.8011193480968,-16.5005641918033,-6.64494471231682
-26.3996699968813,15.5899988103594,-46.2496645316413
-21.956589054818,-1.07723739030965,-44.1332954383444
-4.79638382665629,7.06567885362369,18.2088646229198
28.4300431321524,11.1611094587187,0.994049613091391
18.3250345521819,-32.2050793358477,0.423199096231942
9.96031140972798,-35.4785175472186,-46.1068505024611
24.5062813022927,-8.98086124502138,-1.94435790717003
2.04881093809443,32.9820764525301,7.52308766482129
-22.2224566084853,11.6267082850484,1.34730713128779
32.6698354344766,47.1459461900315,-32.9643113576289
-11.9076118653055,-0.652738317044556,15.4690039397756
-1.807631531496,8.33866147317151,-14.5662088069277
4.86510827600423,14.2763794433654,-37.6894990582835
-39.1325779927446,-17.8872379063343,9.26128267828672
-15.4765421641205,2.19506221383929,-23.2675368930879
2.17029155900157,28.3627299538388,-30.4997896127599
5.35763181785283,29.0329023288357,13.807692474846
-22.5547051588332,9.4063166081875,-9.17877991248179
17.243172078223,24.6062205867393,7.94347943344257
-7.09365394954968,-18.1444478973584,-16.6765020241634
-15.8178532041558,-0.376244786571735,29.8844287990905
-8.24266287099892,-21.7722804345907,11.6068056193147
29.4380119823028,16.2297835258134,12.0335436355214
-41.0262616308461,-1.20484114992733,-13.7756292396308
-16.8196481307318,-22.0949025467911,22.0885921960464
-16.2334231864748,8.65679111861607,14.642556159194
-1.99205870637006,18.8243396844943,34.1657169877646
4.24252873283799,-12.5267020184606,30.7625049868188
-16.5645646198117,13.9867418754867,-3.78916864908464
-14.8270863936557,-42.2249905059498,5.38222303243934
9.61691947902047,8.29595212961842,-1.06469750481026
33.7035361607675,29.8679923669622,16.6642285964693
-16.6246601264337,24.3054227816381,-5.40863037226294
5.9956391377525,-39.4126115893118,-18.8736440944305
1.65778547459255,-9.33053397437415,-13.2280081588005
20.6956466691277,3.07272247392982,-26.8951234717168
11.4386491591444,-13.6049160098252,-16.6741343687813
16.5932902468004,-20.1056780747273,-7.10134441231764
8.41557920411588,3.23326260915149,18.9551531470738
-3.11729507338902,27.3313452944102,24.541589084619
27.2623990273776,-10.5284367379121,22.6324853902607
-18.6878627547494,-5.58281448707982,-2.31141565611185
39.4866227720568,-3.69510326156432,5.53297697361201
-9.11640632324685,1.19161849160371,-25.1574043876606
-3.49114361017823,10.4776670938013,21.8482276593834
6.2867990924834,-18.7044417596063,7.23228504234911
5.34767369703012,-25.1230951661193,-40.6319783460381
-15.1673047968463,-14.9682960088687,-9.01875647435341
0.696625992711069,14.8632212438489,13.3415303073161
11.4417415937567,-1.68694588315764,-28.3201579288073
4.70740807331093,-36.4555593410559,19.1936376433815
8.06990316477151,-6.3277011127036,6.41034387199514
16.5586133604953,-6.58599814202807,32.8898314468427
7.52918314432602,44.7912376567946,-15.3446396409607
39.8015262640015,-3.57390127296955,-16.2578640834195
-16.6164354326379,-8.67933437360767,-2.6024845965756
-29.4606593133699,40.9830268322721,16.9043521775296
-44.5992164370087,5.2735883154298,28.1654444467302
16.0845191006198,-27.9213199714843,-15.1196492153319
0.858205241247554,-0.600939288773998,6.10230423926226
-28.8019838603099,22.2338083770821,-7.67077821993792
-3.40750308745727,-6.47301868424595,14.4233669414765
36.977620501977,21.4563624097342,-5.34328247265424
-22.0509956947602,9.95594580464515,-9.45225934057495
9.71944516564229,-3.30980812773161,-15.7495839731433
7.31188769174884,-15.6668993900346,-22.2629365536996
-9.46385220196285,12.8328108588497,24.1639932018599
12.8549855854458,-7.51021824250994,-24.6390244672378
30.3418224736155,-4.75711350065484,-29.5027017432799
5.79492519627212,3.74689425922504,-0.500939503319169
23.5861138904223,23.7340784895035,-2.69081982148205
7.29244738083363,25.0761833709471,11.467099252491
-6.31266243494878,14.7414560970598,-4.59833858114829
32.2868926779026,-6.87291394879312,16.8792554277478
34.4669655394281,-14.5036906283162,-15.4714203407283
-4.29146402827572,17.7342053523113,-19.7098229024922
-35.5847719228757,19.3815175123047,0.676827726237326
-20.7459121055085,-31.8463267378171,-15.9488715493918
1.32342016618334,-33.6157053089818,-15.4694364529752
20.1680723959338,37.6725132203925,9.81535066777732
-2.226771090627,2.17548900691733,2.8110919186509
-20.9517568973821,30.4486903527566,33.431895934134
33.8073785559207,20.843950793409,37.7968176502874
41.0804861846762,32.782883461205,10.8041814466519
20.4475231884466,13.7072188443681,20.508891008283
-7.42377963594082,14.9062392434423,-11.0444914609447
58.1365013468379,5.10953344057142,12.4215987389508
28.5209582767809,17.2693030855036,-17.0341863528728
-35.7292318401795,18.396703579225,24.0904307799733
18.1267700703981,4.31081378934878,-4.59542619330148
-22.0935950294778,-3.33898408553833,11.4173705447426
2.49233446285501,24.8575814039036,-14.4738117679118
1.82077386163541,-16.9739686340984,9.76334866950793
22.9649727570932,38.3553730190301,1.17136407778613
1.09202380813961,-36.0404870567984,5.47867089723959
-9.05160154495877,-17.3753797086341,-18.1478275354592
-10.5233030206298,3.63911522051511,-12.7786416119849
4.05943996656345,12.9617823553943,-4.7350658575432
23.8258703621806,-7.01460894532419,-12.357817523587
6.37106717165268,-3.17265854439399,34.8058271381481
-27.8684317449029,-17.0155381020698,32.4612199186722
-13.4392376297338,-0.624371011094221,3.19657062663898
19.5912680232871,-9.03708654768556,-3.8087437824757
-26.2158716937145,-6.06803863735436,-27.1638475668069
3.92017277971711,-34.9293907194223,-9.93230928840008
-12.0551497140002,36.0952472147397,7.79865683931458
39.2965274937591,9.22699803345673,19.2155360723929
19.2841320223647,39.7280014081767,-10.8813033494079
54.4417217564397,-23.3201666839855,41.5057520960586
-6.28220799592496,17.4583026159128,-16.476660840835
-20.878562155545,-21.2786112231954,-7.53771504189111
-24.2825345466362,0.790856008213331,7.21965036181801
28.3898505758403,18.5574402982601,-22.5139913313753
-3.3438112107799,-3.55272917558308,-35.1329354363806
30.4519511923596,29.5178772889391,33.729448172321
9.00026786603018,-21.1819327911626,-7.00417113967302
-3.99070848707311,-14.4876791545786,-21.1302211455204
17.7973250855848,1.73382483632088,6.86045677301151
-25.1562800207535,-12.849271965416,5.83474928704883
13.1397594423372,-39.9151912195872,-14.029824131681
-32.9992524210368,-30.6051805392222,10.2274283429463
2.64937954385095,1.67188331402239,5.99865872775759
-15.5377198454698,32.5654138088317,20.5404176149159
-1.04098174375987,6.82640949830147,12.2256551456674
41.9843757388326,-0.80801967994339,-39.731174322991
-24.3966075159397,10.6134147543335,33.4335546641124
8.75616096478763,-7.64151712956691,2.09655948809033
-6.1433979265319,12.2461695421627,2.82073111114818
-12.2224526826567,14.428748710499,-10.3481619571176
11.0038522726603,-4.0693997076194,18.9399493653386
35.8359246442616,-36.659627876299,24.2610386543182
-6.85387802993196,-7.06856965893726,2.55066541205044
27.5743168573738,-16.7115922022633,16.537157359532
0.970183780244759,13.6940736372991,61.4875982564337
-32.0811865656025,-7.93792606827394,1.00145040373448
1.2648020414672,-4.86489889054644,4.38117379854286
-4.41048740904766,-0.0150163932183206,37.1260019136078
-19.0169407669293,-24.4415940386619,-43.4139414995103
3.47575170001394,19.293223930675,-11.4259547538495
12.1940407873103,3.79064710768685,4.02232600786079
-0.339012132341293,-55.294849518085,15.3334083741834
-9.62455607133035,-11.0808905108801,-8.46447127695369
7.06953009413149,-30.9654636520353,-5.74033930027885
10.5226519945307,-29.0875712571176,-36.4996113353442
-10.5976070663835,21.7729409634752,9.42099167075482
-30.5182135667865,19.7029766677492,-2.93543473166136
-5.22150483834356,8.43536430807306,49.8014382105925
-10.0239470427534,-47.4658701050765,11.7793715633453
-6.59763473511451,-4.16952787468591,-24.2594529687957
-20.7619822383868,53.9172937479675,0.922372048751949
-2.54426213653636,-20.8878502312827,17.2494103473332
28.5653216029784,-12.4659051432416,-10.2373421043727
3.78784334216157,-9.98938541790245,9.48204700142015
3.19446569316801,-31.4550064464171,-15.5762335097465
-2.49329282803129,-4.7409316054629,-11.9923278913577
-16.4692372065924,9.13775369672549,11.0358297297478
13.2129688762287,-13.1981316647638,-22.4045036900094
41.0257214646928,0.535679389925455,-6.34079724948302
-26.8352069647649,-22.8040437112473,1.83182001005466
-11.981338276152,32.1286927727013,-23.7976984974347
-18.0504555350002,-9.41123656042776,-6.29484057171321
17.5559772174789,-36.9168526977028,-15.9743691035674
-27.5802540552441,-18.2214312157874,0.137095253394036
-1.79057605449155,27.2819021670434,-8.41751268592663
21.3894274168365,-6.83468145606157,-35.3917143271267
-22.803716173063,-7.20909107463643,11.65801684358
36.6131833044774,-3.64432684260738,38.3059895907975
23.5835595435157,18.1793417466978,31.3849803816685
-16.3625406016366,-16.4610484385627,7.10028860907631
-20.0417080107091,38.3947645721523,-32.0094657121101
15.9152637058854,-11.0872930595277,-7.32487618568127
-10.0175383468027,8.72571973337724,-2.45587406883079
-21.110461823826,16.155865963223,-5.0539626077742
7.20873343529368,29.4400662817196,4.97974084958415
-3.1422159799661,0.646241217153168,16.1395196360141
23.4470401420709,-11.2363478796841,-16.7834849598934
1.05422772905603,59.5737597626881,1.18981319601139
47.4637950341726,-8.864094029748,-3.7047264893459
10.1274812254869,-10.5345068606614,27.8776306059876
10.3151551959846,1.09963556648678,1.63870163573459
33.3244917268198,16.8936335348428,20.3140302531205
-2.28975973423589,-7.02961161205483,-10.7156564580834
-8.79332947735971,2.17258183390171,21.9063142399615
-17.7108875158765,-25.2489320317692,-16.1712697279611
22.6030617551168,10.0507052744738,-13.9279618003612
-15.476052360475,12.7093232386986,-7.993778699474
4.94549679850885,16.184709175554,-22.9845755012314
-19.195257157718,-0.807555712898927,-19.9699579484525
35.8042967311672,25.7908768657439,7.94069441920645
18.0782219207729,16.5997074318881,-7.90386596541098
11.2152389866759,3.40752012339221,-3.79600460344984
-17.0752846495389,-0.978710697622194,11.7512639604609
-2.29989786563032,-15.7140528845463,46.5762589914014
-17.791705761666,14.7439769750174,-16.7254528450287
-1.44675379828281,11.2436763801023,26.2981516376995
6.32119564812063,-25.5079198716938,-3.90980447627717
3.25802409255036,-7.9112641609325,23.2138518020393
32.4684409706571,3.37674639491972,-9.53141149825844
-11.2690217027169,-33.3102846866127,5.5461900712727
-34.2592898181165,-9.24105344797271,-3.65064179439242
-2.14509084928607,38.7980881712087,-2.28867563435633
-12.323995466066,11.9242022936077,-25.2612149997274
5.88409742861114,-1.97171238975236,-5.23656405186485
5.04837925098732,14.658619343716,9.61243032494307
22.2711275292675,-26.6004973220342,36.7500847443849
-32.7739388823269,-3.8692628808676,-22.5545278181263
-20.1468775595483,-24.8268493450671,13.436022034511
-5.94640101312051,-31.0513562650199,-0.938818797148429
7.63812754500725,-26.0659833213804,-3.48120306081962
3.94205695087225,50.114466309063,-4.8797174689156
-3.89375002723525,8.75049545001734,28.65283374589
0.964008245742958,4.34476246079296,22.1534904261872
13.5349840991364,18.3551994907554,-19.4566279463993
3.23840225045125,-19.8412617707742,-0.777302828465321
0.823864878367153,13.1872532551472,37.0721704123268
-14.1544964418448,15.8922205477589,-22.3465613958702
11.8548922332592,12.876138166375,0.960667075323074
-10.4108119796148,-4.83624534120595,-14.8253463377338
0.319760907780198,8.33321908847021,-28.1082532121289
-1.80937556811043,-8.72028608981891,6.2883593653736
-7.62492712871104,-13.6883205121831,-10.0188168201031
10.1913786145406,13.2096267312712,-7.67219665494903
3.25005453527954,5.92307017373875,-14.3417193768764
18.2938606891852,-5.85743467402921,13.5189851969754
-14.8406818609735,13.532871825848,-39.5290284545027
-2.70231993157183,-30.3925020218425,13.980891570039
5.93707384556244,-10.7050436225994,26.8121250264003
16.9832011515308,-33.383873499252,-9.82063435989276
8.03465618038894,9.22100236880079,0.102935122571295
25.3286732002498,-13.5436198404105,8.04355769607821
4.67224528801367,-39.6926082974684,29.1856080030003
-11.9073957693813,22.309886674106,-12.4003739409195
1.76020141060698,5.59040603418648,12.6065118365899
6.55065569688857,-13.0047710146292,-4.29273773224566
-13.587726766911,1.70131795906782,-7.53109005502535
-25.5581280892525,-24.4970998631092,23.1409043059066
-4.40908432599623,-6.3621084671826,-3.23049524323035
-25.9287976055264,-13.4357911598699,-12.3897982884702
-1.44791870503779,-19.055221988212,0.312652782012761
1.19967090981243,29.401399319685,14.1703117059509
9.87494830232474,-22.6719338298991,-17.2766362906974
29.7904951085296,11.3974662242401,0.917618736792657
-3.19878971334218,29.2958714495652,-3.18003718933902
-19.3628192703648,4.07047131416283,-20.8417981383791
10.8101877549041,-9.42238014401514,13.5928567620757
1.61836170253938,25.1955840515156,-1.80104835778025
-22.7271943657579,37.84400794634,0.947777526528836
-7.36906320264108,-1.52669308272979,18.0219302782594
-8.66471659208366,-13.8197737657552,-29.6583237989051
-27.0127833212693,8.41893118596554,29.5484378437485
-8.64150554758557,12.5247027950472,-5.73755950466401
12.8356458819948,-5.36077196468766,0.537054023076766
11.0037850431201,23.0059079610412,35.3527384159987
31.8567772561498,-24.7395324133041,-15.3589192660861
-12.9616467174217,20.8151079899925,0.989230873958606
-22.6407842816081,7.66498558715376,28.3373605377209
-3.13867426224741,-40.5754330278194,7.24498624368337
-10.3581589419334,-2.91024936633807,-27.0677419387614
0.784628370058278,-24.902530441754,-21.0600585245999
-17.152047505158,16.4187234419228,20.0830267634657
-5.74759777295614,-0.755923398690372,28.5171025761424
-15.1422336081802,7.47387786605362,24.8979005519287
5.95293017425028,-16.0308496617837,27.850300174174
7.59782862770898,-5.041814882157,12.5042701402063
24.2852838627496,4.95762023579729,8.25153803518527
-6.88680414603849,-11.1893211265337,6.12121895067581
40.7923779355769,-23.8901471895154,4.9657126058724
26.7236698281265,30.0665700988439,10.7385244269591
-37.7237544855688,-4.45647970779473,-48.2104051348503
12.5146451787765,34.8052864298467,-24.3023816481311
-4.8209331080384,6.43679574254945,20.5854577549066
3.74042168033422,13.6495455783593,-20.6279748484202
4.71741534741868,28.8096007724417,-21.2586938388779
12.429525805881,4.49658014415823,-30.8042810387249
7.0297590677952,-3.47752757482548,-25.1978804783042
-6.56418757269941,-5.25884559626392,12.1518036516549
-16.0043588974928,-3.5442501527116,13.4181551067718
5.77814703006076,-7.83604291997709,-20.2310021508605
-18.8399873378638,23.1624550022097,-14.5066691800662
-14.7483919346441,-7.53907090551753,-4.30323241419872
28.9898518277523,6.2143229540499,-26.6831092090809
16.7246332563034,49.1559796367884,15.7303134815521
-10.7518013163889,9.02231964132288,2.34246028971831
-31.4764448390797,18.4901801179388,21.3611612600972
19.3384221697955,4.70860199771243,15.8582141088057
3.93648313563233,16.1819747509356,24.9246575658417
-29.5932738779735,30.7581609289124,-6.57302964229403
-11.0977962727331,-7.82392877858709,6.20616762164596
57.6348657824916,-31.2228369561996,8.7367143289147
34.8916531932022,26.8349694023576,21.0869611738013
-32.0710556516752,-9.45103376956899,-5.67614423039277
-2.19946649420287,2.67172756737515,-26.9605107382948
-25.2668267728778,-25.831246535258,4.86400525005292
22.1910727228908,5.09372452164855,13.4527165224548
26.1603481178747,-23.3813463426677,11.1966829736718
9.83517207228968,27.3894444831703,15.337357794542
-2.81017991748896,6.56782684088073,-1.52494119793279
-0.622529285351762,-25.4480224702931,35.1182840833085
-31.6736540972178,13.4427545042275,-26.0268440905211
18.3551673598736,-10.2706104906995,-7.74879615391992
4.65762241479128,11.0686792415747,4.52664042422009
44.6396065377719,17.7292074339651,-39.9038054698421
-10.243252663791,14.7461410244336,-6.29250028610576
17.9824678301829,-1.43287152671027,26.9860568238637
13.3239186239456,27.2094263343075,7.30199839194694
46.4588247819249,-14.7535377129778,-15.6394826896229
-14.3843767053672,11.0246064703174,-27.8596169743833
-19.9310910571911,-22.1444473409276,-18.483028697174
17.6929062729021,-37.7180483316624,15.2146568439006
27.696089899535,1.51918334213232,-31.6020542488711
21.6552256976537,-10.7920209754448,-23.7832127106314
-4.62285422418528,-20.780317364612,32.5801155450093
-20.8075587360554,-17.0469208332533,44.1169965975356
-9.31053894147222,-14.2473012025031,-22.423338047326
4.57607033133625,-28.865437498391,26.4784885982336
-26.9613970506255,-26.090510815637,15.0035314092905
-2.57525978819755,-15.2638049830923,-19.836878551416
9.27073774658613,-29.0661583036284,-24.8238316713976
0.727387191644262,11.539454812588,-4.53544363516641
36.8628515450648,13.9243800762649,5.6380787047662
-23.8205616955943,-20.4082416493777,-10.6272180805634
28.090661787005,0.227495642902736,-6.08539202738549
-33.3253919648561,29.9504944929381,48.9102346552287
2.63500872539218,1.91988487239385,-26.4384476695875
57.5167010900359,-7.95016281401162,-22.5716879460276
-0.806404481148137,-23.9391852738789,14.8372412700712
-15.9033956889726,-41.2383598325829,25.6331332161878
7.38823670154526,3.83948231404518,-12.488770591768
-6.02705780266383,16.8453189767508,18.3323552268768
17.9396840430309,-2.07273570182816,-18.6536654649703
-19.5811196137767,-36.8335849978073,22.7885663639124
13.7830006053114,12.006939733292,-3.06046442221407
-5.1641582194785,-0.129966649542101,9.65836387442525
6.75820451150235,1.67236186320117,2.49439675985361
-0.452277556943815,-2.93777072724064,10.9742416904197
13.7403297734244,4.63695586238345,-10.4485733665797
6.35733191961468,-2.01865884523232,-6.89713577458924
15.2407875252303,19.7079328239927,8.78665211577264
13.2076038169697,-23.3209040601397,-8.73501873974083
-3.80886419622872,-2.02416352220385,-15.2314431857006
7.70994596433296,0.0386935099017084,-0.107709481508495
-13.5806144388537,11.4301931321283,9.82365705673427
17.7119541498316,-9.82098426214443,-14.9595998618808
3.31940467182965,3.27877698641363,20.0296559757748
-16.3376720092352,19.5251476450965,-32.7454278447865
-7.01974726702213,-22.6733554609575,-25.8026656509644
-34.4282980843865,-31.8400920529507,-11.6061175047609
1.87392176401089,20.4234520297313,4.57842955033489
1.73772098434696,6.74670510074763,10.5610213776241
27.0628137380683,-41.0160059497844,8.45782224898733
15.2839546389947,17.0528645212283,13.8326215812739
2.07292354649075,-2.43943578678816,-0.769434519700337
25.1634797972846,-14.3388659740215,5.67356269713944
15.2029028069634,23.7516073027219,-15.6614572661615
-19.076444408011,24.9721231202409,-14.7135508773999
-10.8124600579638,8.68654738390587,17.1871733318194
10.2985101399085,-3.06340126275132,-20.1168781388024
5.91676641264581,6.30768769630415,28.813234693848
-26.7155030860454,-12.0404960416919,5.15378195688927
-18.7888073311841,29.3513975588123,9.95759754701571
2.96061316528898,25.7124202714239,51.8763032016481
-21.9012890813522,5.27114603908816,-14.0665723808872
6.04547932072169,-9.01524835325503,-0.83374188857981
2.81443816839249,19.3743917637962,-39.4271605025471
-2.33279097537684,-10.2826821135744,-8.3790689697809
-36.8748177309535,31.0080387113412,1.34467766820179
-57.0914041464154,8.85425142628288,-40.1446909691565
-18.2351876699194,5.94814708356953,1.02619092328943
-17.404397484078,-10.5090270777435,26.2641016644147
37.6872260153801,1.11944970085674,0.870217343500471
-6.73291481431915,29.9587268390835,-20.460430936425
15.6848685934195,-22.6304623854953,22.2713573352988
10.4921398720232,-7.67327460023777,-0.726872049048141
-2.05534203487604,12.3519167496476,23.1124880774128
-1.53608452593337,24.6943398450088,-14.9294933699365
-8.36614638045332,-22.1473760257808,17.9832231339239
1.11515574406541,-15.007067227413,26.8213299930689
25.799516833181,21.9043411135777,-29.3921762343931
0.858370753337011,-30.8700117287427,-17.0260945036004
11.3304201561686,-3.26301051054891,-4.96618808089495
0.268435704118159,9.21577644371838,-18.1551137952539
-23.4695193287278,-23.160534606878,5.82839937598122
-7.22466412387058,39.4541441302834,23.4359745424032
10.1424042215661,-23.628301390137,31.5516215438539
-7.57160302717433,-4.92035701259338,-1.31223875202103
41.4644785499226,-16.4225318378483,-23.1780285439338
-6.38233596861265,-15.3826927339273,19.9929874742961
-11.1005778721696,6.23117082055022,30.9259424341688
22.0857445971728,17.0167479915197,-36.8960952689083
-1.9576257669618,-12.2259598549997,-17.1224875436626
-8.20866706790905,29.0741396877607,-43.9474450127861
9.17747735646678,24.2407268024288,-9.80547269802917
-16.1942855380199,-13.2562009578002,-7.61389650718962
21.5470020728495,5.9805917433507,-14.9263105395498
5.12394057542489,-1.67640677122294,13.4495830689545
-17.0229434496547,1.03184477034778,17.8267078198584
-15.7283501665464,14.5534856347619,7.48411204110432
0.405909250663686,11.1511773068978,15.2776392387844
-17.3427834180176,-7.15950990812589,7.13734694334088
15.9892915604673,18.1987973399988,-0.585588324199085
-23.9731535291344,7.23211606479066,37.5747642737007
-11.4972170985667,-23.8518080002953,-9.05884107412665
1.09046880739117,-15.0088319253884,42.6548793523498
16.723097713437,-22.1499844121415,-17.3851099055604
-9.37727110027775,-21.965974433175,-13.3345422614686
-4.76301019129943,11.4550479288553,1.11136614708657
-13.6277790151509,9.96854542016597,-1.82593908123846
-2.15267095736151,0.566340000821601,6.04106392490678
19.9635620965781,23.5195701956408,4.8772662214012
7.19773765548747,-23.6866963757069,-5.81775251666535
-1.38147422327952,10.0773328290002,2.78496991596603
4.32273246924593,21.5877071794183,-3.1222010387852
-4.04289113881152,9.74741865594358,-8.66158132353649
9.6873199939279,-12.092137011387,15.75245856661
1.14200854661964,12.5711188396217,-1.61939101864532
40.1243800884129,-9.26139092951605,-21.8076173533588
19.7925810383988,26.7025520459933,-14.3796875033603
-18.0911965390582,21.4354620030918,9.69053007707946
24.0070168351362,17.2192088337705,33.0191440101129
-28.5581888278919,-36.4730190961765,12.1405993080359
-5.1638557536159,19.6293830263773,-19.3744455155646
11.6923001212949,8.06162122669855,-8.25961577890348
-1.29966880419671,9.44376074141575,0.972150444838165
-19.1326041982613,9.82272236855451,18.4729772107269
-34.764020049162,-8.56016813751347,-26.6657135607242
8.63397435001952,-2.0257832382147,-9.58579469726952
-25.9921293497298,-33.6147085871994,-4.87899445744243
-24.0460198625709,-14.6523634387209,-29.130882923474
3.19002635563354,13.8005749351277,6.06655719034629
-12.1541581833443,3.88823855871588,-0.974067618165346
-11.0908596760552,-32.5296703502053,-7.90464559687265
12.0266710939866,-25.2364265262993,24.5742735411709
32.9203528173628,1.04375403057137,-45.5517298272038
-5.12420615076422,-4.84228372628596,-50.5660172710943
-10.2701961961615,22.67775081474,16.545776517961
-4.44600476754213,-13.5720060525004,9.72306942994796
-5.68955269860556,-23.3620625957077,-9.40488789938486
-18.0007691401124,-19.9124925009068,-3.15943402028159
-2.42388970499835,-31.2728107078863,-17.7643308164227
9.64137065466533,30.340049483081,3.28965642982071
-18.5802198236239,-11.8518027037393,4.03596901050767
3.21495863856129,-3.6762972806912,3.65050106527074
0.07496683960091,-24.2139027956516,14.2367179541996
27.7085283017342,8.51813568180815,-18.7803404103742
7.03009455037957,3.22365736034209,-31.0564758025981
-12.9775077045025,-31.9912488550823,4.05810555683678
1.29802602989376,-41.5517800816379,-12.2370426342605
-0.273130238747159,3.50638597452051,-11.13336001059
-11.75125658493,24.9165812809754,-15.5805823320693
-35.5969287534536,-16.3014237981769,3.15136714565898
5.90381917007158,3.67406991707867,-8.89300209024156
-19.9886794696994,-36.1839797540258,13.6964969914965
25.8580092966103,46.0896840521572,23.0262339746418
-26.9298732943318,-8.77487667890791,6.84881075892464
-19.5391304152033,9.67248728341824,-3.64898516317195
-35.6375030495746,-23.5694683321116,-2.54391473739128
19.779392094258,3.63693428355495,-0.884129763759609
29.1453891476943,21.0717691881753,-8.8524885094262
4.32363327695691,-29.3817565469718,-1.85057992875046
-17.2420331455874,-10.3791114993754,-16.9847052694348
-1.97368819958941,7.17211142237421,-18.1117699365638
-8.20549877288853,1.01729207387318,-13.9559015949539
-0.0668181070254072,5.07576924299317,-2.57030485631163
-16.8184664185244,37.4247870145794,-30.4109747796052
-8.70437572683805,-16.9897540824137,-39.4255148581366
-2.70473390974801,-24.9758103269504,22.8576274301249
-20.6731747734637,-23.9473234076646,1.85812358007324
12.4873405905033,22.9142052052776,7.46888036569315
7.71702347899898,13.600035140206,-5.35515959425822
20.6981103652174,6.12777484938813,81.9342937544682
38.4358372568468,-8.35535913037549,46.8831940341276
26.1078076867174,-5.07656545031457,-7.38344894239898
28.3558046313922,-7.31839009218729,-33.1919469377576
8.90783076013944,-2.45410277580252,-13.5488028948025
-8.14234615656624,6.85972521080124,26.8980508217838
-9.3443253508937,-7.77068316482276,-8.03138216506595
13.4169250998505,0.156193759945865,-8.80943232009591
-0.809639305765877,46.0580189449008,31.0743255050102
12.5773901390072,43.349757524001,-37.8104712823729
-30.3748001118153,15.6827413546907,-47.7272780095477
-6.23489050878222,-17.267791320263,-4.64047208131493
-12.9838908464003,18.8927109712747,37.5851560981833
12.7974553591615,-14.080329754637,11.0628724749809
-17.8243831105185,5.00134410619202,9.72974514232573
19.9072812025237,4.80163510679401,-69.8927027051516
-50.2545625322739,-12.3260039691555,-4.05149230481099
-37.1308088874529,-27.345559361713,21.0176903371317
6.8201759478252,-4.19829664404263,-27.5093699756573
5.23233458456954,37.8211096610076,26.5033733145369
25.9771505214643,6.16963800533636,-4.30023592595392
-14.5306837601997,-2.50552763889429,13.1159567129855
-10.7704575859296,-18.7816887315918,19.8463400256788
29.0208555166555,22.9652185248003,7.51841205633349
11.0032605426856,-22.0480452776709,-5.80531753549688
-3.04771438797839,-11.6088450880856,0.503626353716251
41.6893225346277,-8.09459304421462,1.89460012523195
22.1103623290364,-42.9144744172443,-25.2681923784227
11.8675951417223,-0.876135899712772,-25.0668880359854
-14.1681974361567,8.80387208748488,13.3718870582276
-17.0870268124498,-17.9914515274091,9.62123897411916
17.2757964962963,19.1928215492958,34.7367727035558
-31.5420874820562,15.6244673741746,-26.1991202290742
5.76139022740959,8.5094777460421,10.4643196750164
3.99686332504917,13.9394869500653,-1.58586253017079
-4.73435137540456,-21.1651433893524,-12.4752509569285
14.2589692557658,20.2815080010876,-66.240080264961
-18.363269158803,6.09948887679617,28.5426712803764
-5.44122760859621,0.406892680791641,9.92094332801472
3.46242220496336,20.1606968205686,-6.95555499248882
1.26015225163665,19.2155410831864,-46.1379978783739
36.0044216045149,4.53498763127854,-2.96551424520142
-5.23575988862366,-23.9603539935074,-42.6816666195899
9.94323781248328,-37.3737318172128,-20.3484118461634
7.07545964743553,-22.0728747468789,31.3577811685126
24.1054511383438,-26.9563339241911,1.29478054948402
-16.8745493013294,48.6593217055597,16.1662932695175
32.2586326284541,7.35225685252948,-14.6921637291749
12.087645699098,-7.68206770689433,-24.086130414556
-10.0604665431567,17.2195400716117,10.8783180922178
-2.12118116709836,-18.3984759251248,-1.07724590858465
44.1881748482448,3.99857319496278,14.229881724916
9.5412253858961,-27.8344472245345,15.4663667240774
-2.42974592366383,-22.4914092991737,-10.9449043136796
18.2938071353145,28.0237533972687,7.66495990702264
10.0754974663434,-5.59630855897777,20.4510503618158
-20.4535042953054,-20.0845544401923,15.0947877231055
1.90426218429241,22.4186887546152,-1.36145366110879
21.5801966331023,-0.831014408438765,-27.668297895289
3.10836915782948,-10.5224861578844,-4.38557306349944
-16.9701009965518,-47.2064189035933,8.37492339825869
-53.5465555120202,22.6551188393884,12.7778810265921
2.33081483897505,36.3443036885473,1.27878806421418
32.587883840672,10.3354582062375,25.752251328117
29.5796181330971,3.46778534486748,9.58282451069528
11.5534102136577,12.9757664787991,1.37311779095522
-19.6093258805382,-7.78716674857804,-50.0632857477506
-39.8090537444037,-21.1300064994481,21.8985274339375
-25.8546853185784,-17.606457419396,0.376707225684046
-11.2773774390926,-28.3028382032845,33.5886221759031
-56.7417225530758,-21.6409951890569,24.2750978916727
-5.21671068364526,-5.59630932373736,24.2714764236186
-58.7755473966659,24.5549914959162,-27.3027317763249
-5.82763064718322,30.8962234325954,-15.4357454008652
-20.0720699849033,30.8368310764984,-15.4524661828735
-13.77883648935,-2.2029992065796,-22.5445281070037
3.95468256341691,-26.0637815370927,-18.8499660442373
3.52279726399707,0.947490778792908,-4.25376371097451
6.92060489056662,20.9199312388099,-13.9970135219905
19.9310661132885,-7.67643488397526,-28.0267238637675
-6.31567325731437,19.8104275743075,26.0152728522635
6.09139309939227,-9.99221947056951,-16.1768362648239
-12.0902540715437,-19.0376579573508,33.9703269252679
-34.1478304574499,6.17020087897167,-7.47053483090588
-11.8259993404374,21.8591014849902,-1.00088076396505
34.9585370378207,-42.6835784664568,-32.0696443047457
26.8351962080484,-12.7569858605768,-22.9327490402257
-35.1638325174859,3.29812286911607,-4.71488300875726
-36.2678872366566,5.8309399017435,3.15515984427082
1.43701203913626,-4.29451114347948,-28.4280300593325
8.32849372809842,-3.64086258020154,8.08413080036731
9.7627632900266,32.5194361783428,-12.9774464136536
-12.3503641594421,13.3250544980435,3.44404307443759
-17.1036333268275,-17.3277388006162,-23.994582276366
22.603554313695,-9.52569350601183,25.5210645380514
27.5078764010606,-24.4237683550154,18.0716677970144
8.49942012579951,-18.7696641494748,12.190161631367
6.97837508396901,17.9138466625627,-2.63378579914679
-0.518502123851439,29.4991559392941,5.38713873861028
-20.619807741038,-2.36681999754121,-50.1720254580097
14.0433544338805,20.3567189649068,19.2220896061759
16.2541597073296,19.3056669881664,2.2100987655297
-5.63601503838778,-21.0994783223243,-4.96800735243179
42.7723894562036,-6.0823835547146,-33.4780021337074
-9.11789688457961,1.06617996477392,-24.3492740929048
-4.17221134838687,-10.9549639500121,20.3725288632675
22.2270838891221,10.3035631793662,-29.3890963911939
-21.3961549538201,2.67545949537995,38.6180469153142
-20.7664193044299,32.718876955191,28.4655224269518
-12.122398342429,18.4283096875243,-25.2524268081898
39.4073978772788,27.3398638358536,-19.6765189010405
